15 15
123
W 7 9 9
W 2 10 9
W 2 1 9
W 1 9 9
W 3 7 9
W 7 11 9
B 8 1 11
W 8 3 15
B 5 7 11
B 3 11 11
O 5 10 4
B 9 10 11
B 5 4 11
B 7 8 11
B 4 8 11
B 0 14 11
B 1 14 11
B 2 14 11
B 3 14 11
B 4 14 11
B 14 14 11
B 0 13 11
B 1 13 11
B 2 13 11
B 3 13 11
B 4 13 11
Z 3 2 2
c 13 3 2
c 14 3 2
c 14 2 2
c 12 3 2
c 14 1 2
c 13 2 2
c 12 2 2
c 14 4 2
c 13 1 2
c 13 4 2
c 12 4 2
c 14 0 2
c 14 5 2
c 13 5 2
c 12 1 2
c 12 5 2
c 10 3 2
c 11 3 2
c 10 1 2
c 12 0 2
c 13 6 2
c 11 0 2
c 11 4 2
c 10 0 2
c 11 1 2
c 12 6 2
c 14 6 2
c 11 5 2
c 11 2 2
c 13 0 2
c 12 7 2
c 10 5 2
c 14 7 2
c 10 6 2
c 11 6 2
c 11 7 2
c 13 7 2
c 10 2 2
c 10 7 2
c 12 8 2
c 14 8 2
c 5 1 2
c 11 8 2
c 5 0 2
c 13 8 2
c 11 9 2
c 9 2 2
c 10 8 2
c 14 9 2
c 5 2 2
c 9 3 2
c 9 6 2
c 13 9 2
c 11 10 2
c 10 9 2
c 9 8 2
c 14 10 2
c 5 3 2
c 12 9 2
c 11 11 2
c 10 10 2
c 10 4 2
c 13 10 2
c 9 7 2
c 12 10 2
c 10 11 2
c 4 0 2
c 14 11 2
c 12 11 2
c 8 2 2
c 9 9 2
c 4 3 2
c 13 11 2
c 3 0 2
c 4 4 2
c 13 12 2
c 9 4 2
c 8 7 2
c 10 12 2
c 4 1 2
c 12 12 2
c 14 12 2
c 9 5 2
c 2 0 2
c 8 4 2
c 4 2 2
c 7 2 2
c 6 1 2
c 3 4 2
c 6 3 2
c 9 11 2
c 14 13 2
c 6 0 2
c 8 9 2
c 13 13 2
c 8 5 2
